1
2
3
4
5
6
7
8
9
10
11
12
13
14
15
16
17
18
19
20
21
22
23
24
25
26
27
28
29
30
31
32
33
34
35
36
37
38
39
40
41
42
43
44
45
46
47
48
49
50
51
52
53
54
55
56
57
58
59
60
61
62
63
64
65
66
67
68
69
70
71
72
73
74
75
76
77
78
79
80
81
82
83
84
85
86
87
88
89
90
91
92
93
94
95
96
97
98
99
100
101
102
103
104
110
111
118
121
122
125
133
136
141
146
155
160
167
169
198
200
202
203
204
205
206
217
226
231
232
234
236
238
239
240
242
268
278
279
283
287
295
297
300
321
322
326
338
344
347
349
350
382
383
392
409
416
424
509
543
560
566
575
589
590
692
695
703
704
724
733
739
746
841
867
876
931
973
1009
1046
1089
1108
1260
1281
1287
1313
1342
1360
1389
1460
1470
1480
1512
1672
1920
1929
2011
2114
2235
2315
2418
2427
2520
2535
2553
2558
2566
2570
2574
2582
2639
2640
2652
2678
2682
2696
2710
2716
2729
2733
2744
2769
2778
2784
2798
2810
2828
